18 -1734462000
19 -1731783600
14 -1729364400
20 -1726686000
15 -1724094000
17 -1721415600
15 -1718823600
9 -1716145200
8 -1713466800
9 -1710874800
5 -1708196400
22 -1705604400
17 -1702926000
12 -1700247600
21 -1697742000
16 -1695063600
9 -1692471600
12 -1689793200
27 -1687201200
20 -1684522800
11 -1681844400
14 -1679252400
13 -1676574000
20 -1673982000
16 -1671303600
16 -1668625200
23 -1666206000
21 -1663527600
16 -1660935600
15 -1658257200
9 -1655665200
12 -1652986800
12 -1650308400
9 -1647716400
9 -1645038000
18 -1642446000
7 -1639767600
8 -1637089200
7 -1634670000
8 -1631995200
6 -1629403200
9 -1626724800
5 -1624132800
14 -1621454400
5 -1618776000
6 -1616184000
9 -1616184000
14 -1613502000
6 -1608231600
6 -1605553200
6 -1603134000
12 -1600459200
12 -1597867200
7 -1595188800
23 -1592596800
8 -1589918400
6 -1587240000
10 -1584648000
11 -1581966000
14 -1579374000
15 -1576695600
13 -1574017200
13 -1571511600
15 -1568836800
10 -1566244800
15 -1563566400
10 -1560974400
11 -1558296000
8 -1555617600
12 -1553025600
11 -1550343600
12 -1547751600
9 -1545073200
6 -1542394800
8 -1539975600
7 -1537297200
8 -1534708800
6 -1532030400
9 -1529438400
9 -1526760000
6 -1524081600
5 -1521486000
4 -1518807600
5 -1516215600
5 -1513537200
5 -1510858800
8 -1508439600
9 -1505761200
7 -1503172800
10 -1500494400
22 -1497902400
10 -1495224000
5 -1492545600
7 -1489950000
7 -1487271600
6 -1484679600
10 -1482001200
9 -1479322800
11 -1476903600
8 -1474225200
9 -1471636800
10 -1468958400
12 -1466366400
9 -1463688000
7 -1461009600
7 -1458414000
10 -1455735600
10 -1453143600
13 -1450465200
6 -1447786800
10 -1445281200
10 -1442602800
12 -1440014400
20 -1437336000
11 -1434744000
8 -1432065600
10 -1429387200
7 -1426791600
7 -1424113200
8 -1421521200
31 -1418842800
15 -1416164400
6 -1413745200
10 -1411066800
12 -1408478400
21 -1405800000
20 -1403208000
18 -1400529600
14 -1397851200
23 -1395255600
11 -1392577200
15 -1389985200
15 -1387306800
15 -1384628400
19 -1382209200
12 -1379530800
18 -1376942400
12 -1374264000
14 -1371672000
16 -1368993600
11 -1366315200
8 -1363719600
7 -1361041200
30 -1358449200
8 -1355770800
15 -1353092400
20 -1350673200
20 -1347994800
18 -1345406400
28 -1342728000
20 -1340136000
20 -1337457600
12 -1334779200
12 -1332183600
10 -1329505200
17 -1326913200
22 -1324234800
17 -1321556400
23 -1319050800
14 -1316372400
15 -1313784000
14 -1311105600
22 -1308513600
17 -1305835200
13 -1303156800
15 -1300561200
20 -1297882800
21 -1295290800
14 -1292612400
17 -1289934000
27 -1287514800
19 -1284836400
17 -1282248000
15 -1279569600
16 -1276977600
16 -1274299200
18 -1271620800
9 -1269025200
13 -1266346800
11 -1263754800
16 -1261076400
17 -1258398000
16 -1255978800
13 -1253300400
8 -1250712000
15 -1248033600
10 -1245441600
8 -1242763200
12 -1240084800
6 -1237489200
20 -1234810800
12 -1232218800
12 -1229540400
11 -1226862000
7 -1224442800
13 -1221764400
19 -1219176000
15 -1216497600
11 -1213905600
13 -1211227200
6 -1208548800
7 -1205953200
10 -1203274800
18 -1200682800
20 -1198004400
15 -1195326000
17 -1192820400
12 -1190142000
14 -1187553600
15 -1184875200
12 -1182283200
11 -1179604800
8 -1176926400
4 -1174330800
9 -1171652400
12 -1169060400
39 -1166382000
12 -1163703600
19 -1161284400
16 -1158606000
20 -1156017600
12 -1153339200
20 -1150747200
8 -1148068800
17 -1145390400
11 -1142794800
10 -1140116400
16 -1137524400
18 -1134846000
13 -1132167600
19 -1129748400
8 -1127070000
16 -1124481600
17 -1121803200
14 -1119211200
7 -1116532800
10 -1113854400
5 -1111258800
9 -1108580400
18 -1105988400
13 -1103310000
14 -1100631600
9 -1098212400
12 -1095534000
14 -1092945600
24 -1090267200
21 -1087675200
5 -1084996800
10 -1082318400
5 -1079722800
9 -1077044400
13 -1074452400
16 -1071774000
13 -1069095600
13 -1066590000
11 -1063911600
16 -1061323200
27 -1058644800
6 -1056052800
11 -1053374400
7 -1050696000
8 -1048100400
11 -1045422000
9 -1042830000
9 -1040151600
18 -1037473200
12 -1035054000
15 -1032375600
10 -1029787200
9 -1027108800
15 -1024516800
10 -1021838400
14 -1019160000
7 -1016564400
8 -1013886000
9 -1011294000
11 -1008615600
13 -1005937200
13 -1003518000
8 -1000839600
8 -998251200
5 -995572800
9 -992980800
12 -990302400
8 -987624000
15 -985028400
5 -982350000
11 -979758000
14 -977079600
11 -974401200
10 -971982000
16 -969303600
9 -966715200
9 -964036800
20 -961444800
10 -958766400
11 -956088000
9 -953492400
9 -950814000
14 -948222000
16 -945543600
13 -942865200
11 -940359600
22 -937681200
9 -935092800
14 -932414400
8 -929822400
12 -927144000
11 -924465600
5 -921870000
10 -919191600
7 -916599600
19 -913921200
10 -911242800
12 -908823600
8 -906145200
4 -903556800
18 -900878400
7 -898286400
13 -895608000
8 -892929600
7 -890334000
11 -887655600
11 -885063600
5 -882385200
9 -879710400
12 -877291200
8 -874612800
11 -872020800
7 -869342400
9 -866750400
8 -864072000
10 -861393600
14 -858801600
9 -856123200
12 -853531200
10 -850852800
7 -848174400
7 -840484800
9 -837806400
6 -835214400
7 -832536000
6 -829857600
7 -827265600
13 -821995200
5 -819316800
6 -816638400
5 -814132800
6 -811454400
5 -808862400
5 -806184000
5 -803592000
7 -800913600
14 -798235200
9 -795643200
9 -792964800
7 -790372800
10 -787694400
5 -785016000
3 -782596800
7 -779918400
5 -777326400
5 -774648000
9 -772056000
11 -769377600
11 -766699200
4 -764103600
6 -761425200
9 -758833200
5 -756154800
6 -753476400
4 -751057200
8 -748378800
8 -745790400
6 -743112000
3 -740520000
4 -737841600
6 -735163200
5 -732567600
5 -729889200
10 -727297200
6 -724618800
5 -721940400
4 -719521200
6 -716842800
11 -714254400
8 -711576000
5 -708984000
7 -706305600
6 -703627200
5 -701031600
10 -698353200
10 -695761200
6 -693082800
12 -690404400
9 -687898800
10 -685220400
10 -682632000
13 -679953600
7 -677361600
10 -674683200
6 -672004800
5 -669409200
8 -666730800
12 -664138800
13 -661460400
11 -658782000
7 -656362800
13 -653684400
8 -651096000
13 -648417600
18 -645825600
10 -643147200
9 -640468800
11 -637873200
8 -635194800
9 -632602800
13 -629924400
15 -627246000
12 -624826800
12 -622148400
7 -619560000
4 -616881600
6 -614289600
7 -611611200
7 -608932800
13 -606337200
18 -603658800
13 -601066800
12 -598388400
11 -595710000
10 -593290800
11 -590612400
16 -588024000
12 -585345600
22 -582753600
9 -580075200
14 -577396800
16 -574801200
10 -572122800
17 -569530800
17 -566852400
12 -564174000
19 -561668400
18 -558990000
20 -556401600
17 -553723200
14 -551131200
16 -548452800
13 -545774400
16 -543178800
14 -540500400
12 -537908400
10 -535230000
12 -532551600
14 -530132400
23 -527454000
15 -524865600
16 -522187200
22 -519595200
23 -516916800
15 -514238400
19 -511642800
9 -508964400
25 -506372400
11 -503694000
17 -501015600
17 -498596400
10 -495918000
19 -493329600
32 -490651200
16 -488059200
21 -485380800
22 -482702400
28 -480106800
12 -477428400
14 -474836400
13 -472158000
6 -469479600
16 -467060400
18 -464382000
16 -461793600
19 -459115200
19 -456523200
10 -453844800
16 -451166400
24 -448574400
43 -445892400
15 -443300400
11 -440622000
13 -437943600
17 -435438000
9 -432759600
21 -430171200
13 -427492800
14 -424900800
18 -422222400
29 -419544000
19 -416952000
20 -414270000
14 -411678000
27 -408999600
14 -406321200
9 -403902000
13 -401223600
19 -398635200
17 -395956800
20 -393364800
17 -390686400
12 -388008000
16 -385416000
16 -382734000
9 -380142000
10 -377463600
30 -374785200
9 -372366000
18 -369687600
19 -367099200
28 -364420800
16 -361828800
12 -359150400
23 -356472000
17 -353880000
10 -351198000
20 -348606000
19 -345927600
25 -343249200
26 -340830000
29 -338151600
18 -335563200
26 -332884800
27 -330292800
22 -327614400
14 -324936000
18 -322344000
18 -319662000
25 -317070000
22 -314391600
16 -311713200
18 -309207600
29 -306529200
22 -303940800
23 -301262400
14 -298670400
25 -295992000
16 -293313600
20 -290721600
12 -288039600
22 -285447600
22 -282769200
20 -280090800
27 -277671600
26 -274993200
20 -272404800
26 -269726400
29 -267134400
34 -264456000
27 -261777600
25 -259185600
28 -256503600
26 -253911600
18 -251233200
31 -248554800
25 -246135600
30 -243457200
34 -240868800
33 -238190400
29 -235598400
31 -232920000
42 -230241600
29 -227649600
19 -224967600
34 -222375600
25 -219697200
24 -217018800
22 -214599600
28 -211921200
31 -209332800
47 -206654400
29 -204062400
38 -201384000
34 -198705600
33 -196113600
37 -193431600
34 -190839600
23 -188161200
36 -185482800
32 -182977200
33 -180298800
45 -177710400
57 -175032000
31 -172440000
56 -169761600
42 -167083200
43 -164491200
33 -161809200
48 -159217200
37 -156538800
43 -153860400
41 -151441200
31 -148762800
48 -146174400
60 -143496000
53 -140904000
54 -138225600
54 -135547200
50 -132955200
33 -130273200
59 -127681200
37 -125002800
38 -122324400
37 -119905200
56 -117226800
50 -114638400
50 -111960000
48 -109368000
65 -106689600
43 -104011200
44 -101419200
44 -98737200
51 -96145200
28 -93466800
47 -90788400
50 -88369200
43 -85690800
61 -83102400
56 -80424000
54 -77832000
58 -75153600
71 -72475200
83 -69883200
47 -67201200
53 -64609200
45 -61930800
52 -59252400
54 -56746800
53 -54068400
51 -51480000
53 -48801600
48 -46209600
69 -43531200
48 -40852800
67 -38260800
53 -35578800
52 -32986800
42 -30308400
47 -27630000
56 -25210800
35 -22532400
34 -19944000
50 -17265600
58 -14673600
67 -11995200
60 -9316800
56 -6724800
49 -4042800
40 -1450800
42 1227600
29 3906000
47 6325200
51 9003600
35 11592000
51 14270400
63 16862400
40 19540800
71 22219200
84 24811200
80 27493200
49 30085200
59 31554000
61 34232400
42 36651600
40 39330000
50 41918400
69 44596800
61 47188800
61 49867200
76 52545600
68 55137600
65 57819600
75 60411600
64 63090000
51 65768400
55 68274000
63 70952400
63 73540800
70 76219200
78 78811200
80 81489600
92 84168000
69 86760000
87 89442000
80 92034000
63 94712400
76 97390800
75 99810000
73 102488400
72 105076800
62 107755200
61 110347200
60 113025600
53 115704000
64 118296000
51 120978000
140 123570000
55 126248400
77 128923200
88 131342400
123 134020800
124 136612800
97 139291200
74 141883200
86 144561600
95 147240000
104 149832000
79 152514000
99 155106000
90 157784400
77 160462800
95 162878400
91 165556800
72 168148800
107 170827200
76 173419200
91 176097600
107 178776000
85 181368000
105 184050000
104 186642000
55 189320400
87 191998800
66 194504400
88 197182800
87 199771200
85 202449600
79 205041600
87 207720000
81 210398400
92 212990400
97 215672400
102 218264400
85 220942800
90 223621200
105 226040400
103 228718800
91 231307200
86 233985600
116 236577600
111 239256000
97 241934400
130 244526400
105 247208400
124 249800400
117 252478800
107 255157200
120 257576400
95 260254800
103 262843200
102 265521600
112 268113600
114 270792000
113 273470400
134 276062400
106 278744400
128 281336400
115 284014800
99 286693200
111 289112400
119 291790800
86 294379200
117 297057600
113 299649600
124 302328000
120 305006400
140 307598400
127 310280400
144 312872400
147 315550800
114 318229200
103 320734800
135 323413200
154 326001600
141 328680000
140 331272000
135 333950400
120 336628800
146 339220800
149 341902800
120 344494800
138 347173200
141 349851600
143 352270800
140 354949200
133 357537600
147 360216000
144 362808000
129 365486400
141 368164800
133 370756800
144 373438800
129 376030800
43 378709200
109 379918800
46 381387600
89 382597200
65 383806800
98 385016400
59 386485200
68 387694800
70 389073600
67 390283200
59 391752000
55 392961600
65 394344000
58 395553600
63 397022400
62 398232000
69 399700800
64 400910400
74 402292800
63 403502400
71 404974800
68 406184400
108 407566800
76 408776400
68 410245200
65 411454800
51 412923600
53 414133200
69 415342800
63 416552400
65 418021200
69 419230800
82 420609600
71 421819200
86 423288000
72 424497600
65 425880000
85 427089600
57 428558400
62 429768000
62 431236800
73 432446400
71 433828800
60 435038400
63 436510800
63 437720400
66 439102800
69 440312400
61 441781200
75 442990800
72 444459600
66 445669200
69 446965200
70 448174800
72 449643600
70 450853200
73 452232000
66 453441600
71 454910400
68 456120000
64 457502400
80 458712000
81 460180800
58 461390400
72 462859200
61 464068800
72 465451200
63 466660800
71 468133200
75 469342800
83 470725200
78 471934800
54 473403600
79 474613200
67 476082000
71 477291600
59 478501200
62 479710800
68 481179600
73 482389200
105 483768000
97 484977600
89 486446400
74 487656000
55 489038400
62 490248000
78 491716800
71 492926400
93 494395200
71 495604800
74 496987200
90 498196800
67 499669200
67 500878800
96 502261200
120 503470800
41 504939600
69 506149200
62 507618000
69 508827600
76 510037200
87 511246800
66 512715600
103 513925200
56 515304000
109 516513600
114 517982400
99 519192000
82 520574400
79 521784000
83 523252800
101 524462400
87 525931200
95 527140800
91 528523200
92 529732800
85 531205200
77 532414800
94 533797200
113 535006800
64 536475600
59 537685200
59 539154000
47 540363600
71 541573200
53 542782800
79 544251600
94 545457600
104 546840000
94 548049600
85 549518400
85 550728000
65 552110400
96 553320000
87 554788800
100 555998400
63 557467200
61 558676800
72 560059200
82 561268800
89 562741200
78 563950800
118 565333200
115 566542800
62 568011600
71 569221200
67 570690000
75 571899600
82 573195600
61 574405200
82 575874000
95 577080000
80 578462400
81 579672000
94 581140800
95 582350400
76 583732800
81 584942400
84 586411200
95 587620800
73 589089600
96 590299200
79 591681600
83 592891200
109 594363600
80 595573200
124 596955600
103 598165200
82 599634000
74 600843600
72 602312400
66 603522000
64 604731600
78 605941200
82 607410000
96 608616000
93 609998400
100 611208000
85 612676800
95 613886400
86 615268800
91 616478400
71 617947200
87 619156800
80 620625600
97 621835200
76 623217600
105 624427200
87 625899600
96 627109200
115 628491600
109 629701200
106 631170000
73 632379600
84 633848400
76 635058000
88 636267600
68 637477200
100 638946000
81 640152000
79 641534400
77 642744000
80 644212800
100 645422400
69 646804800
74 648014400
88 649483200
96 650692800
93 652161600
85 653371200
92 654753600
80 655963200
102 657435600
80 658645200
90 660027600
114 661237200
66 662706000
75 663915600
83 665384400
104 666594000
90 667803600
121 669013200
73 670482000
114 671688000
112 673070400
104 674280000
104 675748800
85 676958400
94 678340800
92 679550400
107 681019200
115 682228800
94 683697600
78 684907200
118 686289600
107 687499200
112 688971600
94 690181200
124 691563600
124 692773200
93 694242000
69 695451600
78 696920400
77 698130000
98 699426000
106 700635600
135 702104400
104 703310400
114 704692800
114 705902400
88 707371200
102 708580800
108 709963200
89 711172800
127 712641600
115 713851200
117 715320000
92 716529600
105 717912000
125 719121600
120 720594000
112 721803600
113 723186000
117 724395600
74 725864400
88 727074000
74 728542800
101 729752400
96 730962000
98 732171600
115 733640400
136 734846400
114 736228800
92 737438400
126 738907200
104 740116800
103 741499200
106 742708800
109 744177600
100 745387200
82 746856000
94 748065600
100 749448000
106 750657600
137 752130000
99 753339600
113 754722000
125 755931600
88 757659600
83 758869200
75 760078800
84 761288400
79 762498000
84 763707600
99 764917200
126 766123200
128 767332800
102 768542400
128 769752000
107 770961600
106 772171200
98 773380800
130 774590400
92 775800000
99 777009600
85 778219200
95 779428800
96 780638400
117 781848000
107 783057600
108 784270800
99 785480400
120 786690000
147 787899600
68 789109200
65 790318800
60 791528400
66 792738000
111 793947600
130 795157200
136 796366800
113 797572800
90 798782400
129 799992000
108 801201600
104 802411200
92 803620800
87 804830400
96 806040000
96 807249600
100 808459200
89 809668800
97 810878400
87 812088000
97 813297600
104 814507200
76 815720400
103 816930000
127 818139600
119 819349200
105 821163600
85 822373200
75 823582800
72 824792400
92 826002000
71 827211600
99 828421200
105 829627200
147 830836800
120 832046400
90 833256000
99 834465600
116 835675200
105 836884800
131 838094400
116 839304000
92 840513600
123 841723200
101 842932800
138 844142400
134 845352000
110 846565200
137 847774800
136 848984400
146 850194000
96 851403600
64 852613200
70 853822800
50 855032400
97 856242000
89 857451600
124 858661200
129 859870800
134 861076800
105 862286400
120 863496000
91 864705600
107 865915200
95 867124800
99 868334400
100 869544000
114 870753600
106 871963200
89 873172800
86 874382400
111 875592000
122 876801600
87 878014800
89 879224400
119 880434000
151 881643600
134 882853200
77 884062800
58 885272400
99 886482000
112 887691600
138 888901200
111 890110800
136 891320400
129 892526400
113 893736000
80 894945600
131 896155200
119 897364800
108 898574400
101 899784000
114 900993600
114 902203200
114 903412800
119 904622400
88 905832000
101 907041600
117 908251200
113 909464400
115 910674000
105 911883600
100 913093200
129 914302800
59 915512400
87 916722000
66 917931600
117 919141200
135 920350800
138 921560400
153 922770000
94 923976000
109 925185600
101 926395200
119 927604800
97 928814400
89 930024000
130 931233600
92 932443200
119 933652800
94 934862400
106 936072000
77 937281600
138 938491200
94 939700800
137 940910400
110 942123600
104 943333200
93 944542800
125 945752400
94 946962000
77 948171600
65 949381200
120 950590800
79 951800400
99 953010000
147 954219600
111 955425600
110 956635200
122 957844800
100 959054400
122 960264000
132 961473600
95 962769600
100 963892800
104 965102400
86 966312000
86 967521600
69 968731200
84 969940800
96 971150400
124 972360000
98 973573200
99 974782800
99 975992400
148 977202000
69 978411600
75 979621200
99 980830800
142 982040400
149 983250000
122 984459600
119 985669200
98 986875200
101 988084800
104 989294400
106 990504000
81 991713600
116 992923200
92 994132800
126 995342400
98 996552000
100 997761600
88 998971200
81 1000180800
153 1001390400
87 1002600000
94 1003809600
109 1005022800
126 1006232400
99 1007442000
115 1008651600
94 1010466000
98 1011675600
115 1012885200
124 1014094800
134 1015304400
134 1016514000
108 1017723600
183 1018929600
121 1020139200
117 1021348800
86 1022558400
116 1023768000
107 1024977600
95 1026187200
110 1027396800
127 1028606400
105 1029816000
80 1031025600
89 1032235200
153 1033444800
109 1034654400
113 1035867600
112 1037077200
102 1038286800
98 1039496400
125 1040706000
68 1041915600
68 1043125200
121 1044334800
127 1045544400
147 1046754000
100 1047963600
144 1049173200
108 1050379200
107 1051588800
125 1052798400
104 1054008000
92 1055217600
110 1056427200
99 1057636800
89 1058846400
95 1060056000
91 1061265600
79 1062475200
105 1063684800
112 1064894400
102 1066104000
105 1067317200
109 1068526800
133 1069736400
119 1070946000
149 1072155600
75 1073365200
50 1073970000
38 1074574800
37 1075179600
58 1075784400
65 1076389200
75 1076994000
71 1077598800
117 1078203600
70 1078808400
49 1079413200
60 1080018000
68 1080622800
81 1081224000
71 1081828800
113 1082433600
88 1083038400
65 1083643200
51 1084248000
62 1084852800
73 1085457600
45 1086062400
61 1086667200
61 1087272000
62 1087876800
76 1088481600
53 1089086400
44 1089691200
62 1090296000
59 1090900800
44 1104814800
47 1105419600
76 1106024400
54 1106629200
97 1107234000
81 1107838800
75 1108443600
85 1109048400
63 1109653200
65 1110258000
58 1110862800
75 1111467600
